((("400px" .
   [1 0 0 0 0])
  ("$slogan" .
   [1 0 0 0 0 0 0])
  ("foreach" .
   [1 0 0 0 0 0 0])
  ("source" .
   [1 0 0 0 0 0])
  ("$i" .
   [3 0])
  ("$sna_id" .
   [1 0 0 0 0 0 0])
  ("text-decoration" .
   [0 0 0 0 0 0 0 1 0 0 0 0 0 0 0])
  ("11px" .
   [1 0 0 0])
  ("7" .
   [1])
  ("desc" .
   [1 0 0 0])
  ("display" .
   [1 0 0 0 0 0 0])
  ("26px" .
   [2 0 0 0])
  ("background" .
   [1 0 0 0 0 0 0 0 0 0])
  ("pv" .
   [1 0])
  ("uv" .
   [1 0])
  ("query" .
   [3 0 0 0 0])
  ("in" .
   [1 0])
  ("faq" .
   [1 0 0])
  ("count" .
   [1 0 0 0 0])
  ("django" .
   [1 0 0 0 0 0])
  ("Slogan" .
   [1 0 0 0 0 0])
  ("Pub" .
   [1 0 0])
  ("slogan" .
   [1 0 0 0 0 0])
  ("out" .
   [1 0 0])
  ("execute" .
   [1 0 0 0 0 0 0])
  ("reservedConfirm" .
   [1 0 0 0 0 0 0 0 0 0 0 0 0 0 0])
  ("$table" .
   [1 0 0 0 0 0])
  ("new" .
   [1 0 0])
  ("and" .
   [1 0 0])
  ("from" .
   [3 0 0 0])
  ("slogans" .
   [1 0 0 0 0 0 0])
  ("$user" .
   [1 0 0 0 0])
  ("again" .
   [1 0 0 0 0])
  ("sleep" .
   [2 0 0 0 0])
  ("key_path" .
   [0 0 1 0 0 0 0 0])
  ("c_str" .
   [2 0 0 0 0])
  ("str" .
   [3 0 0])
  ("conn_pool" .
   [4 0 0 0 0 0 0 0 0])
  ("arg" .
   [2 0 0])
  ("NULL" .
   [1 0 0 0])
  ("clifd" .
   [1 0 0 0 0])
  ("EhttpPtr" .
   [1 0 0 0 0 0 1 0])
  ("of" .
   [1 0])
  ("SSL" .
   [1 0 0])
  ("ssl" .
   [3 0 0])
  ("http" .
   [6 0 0 0])
  ("PORT" .
   [2 0 0 0])
  ("1" .
   [3])
  ("isSsl" .
   [2 0 0 4 0])
  ("send" .
   [1 0 0 0])
  ("getFD" .
   [3 0 0 0 0])
  ("bool" .
   [1 0 0 0])
  ("socket" .
   [3 0 0 0 0 0])
  ("empty" .
   [1 0 0 0 0])
  ("bcnt" .
   [1 0 0 0])
  ("continue" .
   [1 0 0 0 0 0 0 0])
  ("gcd" .
   [1 0 0])
  ("last" .
   [2 0 0 0])
  ("GCD" .
   [1 0 0])
  ("sol" .
   [1 0 0])
  ("char" .
   [1 0 0 0])
  ("end" .
   [1 0 0])
  ("pass" .
   [2 0 0 0])
  ("contain" .
   [1 0 0 0 0 0 0])
  ("rr" .
   [10 0])
  ("for" .
   [2 0 0])
  ("exit" .
   [3 0 0 0])
  ("echo" .
   [2 0 0 0])
  ("$components" .
   [0 0 0 0 1 0 0 0 0 0 0])
  ("$users" .
   [1 0 0 0 0 0])
  ("var" .
   [2 0 0])
  ("test" .
   [1 0 0 0])
  ("function" .
   [6 0 0 1 1 0 0 0])
  ("$content_for_layout" .
   [1 0 0 0 0 0 0 0 0 0 0 0 0 0 0 0 0 0 0])
  ("msgid" .
   [2 0 0 0 0])
  ("msgstr" .
   [1 0 0 0 0 0])
  ("print" .
   [4 0 0 0 0])
  ("fname" .
   [1 0 0 0 0])
  ("main" .
   [2 0 0 0])
  ("15" .
   [1 0])
  ("14" .
   [4 0])
  ("$" .
   [1])
  ("3600" .
   [1 0 0 0])
  ("$result" .
   [0 0 0 1 0 0 0])
  ("print_r" .
   [1 0 0 0 0 0 0])
  ("$options" .
   [0 0 0 0 1 0 0 0])
  ("false" .
   [3 0 0 0 2])
  ("getMessage" .
   [0 0 0 1 0 0 0 0 0 0])
  ("debug" .
   [9 0 0 0 0])
  ("$e" .
   [2 0])
  ("d" .
   [1])
  ("true" .
   [5 0 0 0])
  ("write" .
   [1 0 0 0 0])
  ("$session" .
   [1 0 0 0 0 0 0 0])
  ("$_SESSION" .
   [1 0 0 0 0 0 0 0 0])
  ("$link" .
   [4 0 0 0 0])
  ("$network" .
   [1 0 0 0 0 0 0 0])
  ("$sna" .
   [1 0 0 0])
  ("User" .
   [1 0 0 0])
  ("data" .
   [1 0 0 0])
  ("array" .
   [7 0 0 0 0])
  ("set" .
   [3 0 0])
  ("$ad_id" .
   [2 0 0 0 0 0])
  ("first" .
   [0 0 0 0 1])
  ("142px" .
   [1 0 0 0 0])
  ("$ad" .
   [1 0 0])
  ("$this" .
   [13 0 0 0 0])
  ("ad" .
   [2 0])
  ("field" .
   [2 0 0 4 1])
  ("user_id" .
   [2 0 0 0 0 0 0])
  ("id" .
   [3 0])
  ("fread" .
   [1 0 0 0 0])
  ("break" .
   [1 0 0 0 0])
  ("10000" .
   [1 0 0 0 0])
  ("c" .
   [1])
  ("fp" .
   [1 0])
  ("close" .
   [1 0 0 0 0])
  ("log" .
   [6 0 0])
  ("else" .
   [5 0 0 0])
  ("endl" .
   [9 0 0 0])
  ("hostname" .
   [1 0 0 0 0 0 0 0])
  ("cout" .
   [4 0 0 0])
  ("const" .
   [3 0 0 0 0])
  ("t" .
   [2])
  ("obj" .
   [4 0 1])
  ("int" .
   [9 0 0])
  ("while" .
   [1 0 0 0 1])
  ("ehttp" .
   [1 0 0 0 0])
  ("EhttpD" .
   [1 0 0 0 0 0])
  ("dn" .
   [1 0])
  ("filesize" .
   [1 0 0 0 0 0 0 0])
  ("size" .
   [3 0 0 0])
  ("size_t" .
   [1 0 0 0 0 0])
  ("include" .
   [2 0 0 0 0 0 0])
  ("i" .
   [4])
  ("p" .
   [2])
  ("buffer" .
   [4 0 0 0 0 0])
  ("fclose" .
   [2 0 0 0 0 0])
  ("key" .
   [6 0 0])
  ("date" .
   [4 0 0 0])
  ("path" .
   [3 0 0 0])
  ("fopen" .
   [1 0 0 0 0])
  ("FILE" .
   [1 0 0 0])
  ("save_path" .
   [1 0 0 0 0 0 0 0 0])
  ("return" .
   [12 0 0 0 0 0])
  ("string" .
   [2 0 0 0 0 0])
  ("s" .
   [4])
  ("Ehttp" .
   [0 0 0 0 1])
  ("u" .
   [1])
  ("up" .
   [1 0])
  ("f" .
   [4])
  ("found" .
   [1 0 0 0 0])
  ("throw" .
   [2 0 0 0 0])
  ("null" .
   [3 0 0 0])
  ("read" .
   [3 0 0 0])
  ("add-hook" .
   [1 0 0 0 0 0 0 1])
  ("remove" .
   [1 0 0 0 0 0])
  ("setq" .
   [1 0 0 0])
  ("setq-default" .
   [0 0 0 0 0 0 0 1 1 0 0 0])
  ("toggle-read-only" .
   [0 0 0 0 0 0 0 1 0 0 0 0 0 0 0 0])
  ("toggle-truncate-lines" .
   [0 0 0 0 0 0 0 0 0 1 0 0 0 0 0 0 0 0 0 0 0])
  ("e" .
   [2])
  ("if" .
   [6 0])
  ("$res" .
   [5 0 0 0])
  ("testcover" .
   [0 0 0 0 2 0 0 0 0])
  ("nil" .
   [1 0 0])
  ("limit" .
   [1 0 0 0 0])
  ("strlen" .
   [1 0 0 0 0 0])
  ("10" .
   [2 0])
  ("Abm" .
   [1 0 0])
  ("as" .
   [2 0])
  ("stop" .
   [1 0 0 0])
  ("$slogans" .
   [1 0 0 0 0 0 0 0])
  ("$row" .
   [4 0 0 0])
  ("import" .
   [4 0 0 0 0 0])
  ("$url" .
   [1 0 0 0])
  ("$params" .
   [1 0 0 0 0 0 0])
  ("$param" .
   [2 0 0 0 0 0])
  ("$response" .
   [2 0 0 0 0 1 0 0 1])
  ("z-index" .
   [0 0 1 1 0 0 0])
  ("0" .
   [3])
  ("adSpentGraphCnt" .
   [0 0 0 0 1 0 0 0 0 0 0 0 0 0 0])
  ("arrow" .
   [1 0 0 0 0])
  ("20px" .
   [3 0 0 0])
  ("a" .
   [2])
  ("position" .
   [0 0 0 0 1 0 0 0])
  ("absolute" .
   [1 1 1 0 0 0 0 0])
  ("0px" .
   [6 0 0])
  ("15px" .
   [1 0 0 0])
  ("height" .
   [0 0 0 0 1 0])
  ("click" .
   [1 0 0 0 0])
  ("hover" .
   [1 0 0 0 0])
  ("this" .
   [3 0 0 0])
  ("children" .
   [0 0 0 1 0 0 0 0])
  ("show" .
   [1 0 0 0])
  ("hide" .
   [1 0 0 0])
  ("fadeIn" .
   [1 0 0 0 1 0])
  ("10px" .
   [2 0 0 0])
  ("$cost" .
   [1 0 0 0 0])
  ("link" .
   [3 0 0 0])
  ("pub" .
   [2 0 0])
  ("666" .
   [2 0 0])
  ("gray" .
   [1 0 0 0])
  ("auto" .
   [1 0 0 0])
  ("80px" .
   [1 0 0 0])
  ("blue" .
   [2 0 0 0])
  ("right" .
   [2 0 0 0 0])
  ("relative" .
   [0 0 2 0 0 0 0 0])
  ("green" .
   [1 0 0 0 0])
  ("1px" .
   [1 0 0])
  ("100%" .
   [1 0 0 0])
  ("256" .
   [1 0 0])
  ("render" .
   [1 0 0 0 0 0])
  ("logger" .
   [1 0 0 0 0 0])
  ("country" .
   [1 0 0 0 0 0 0])
  ("request" .
   [0 0 0 1 0 0 2])
  ("delete-only" .
   [1 0 0 0 0 0 0 0 0 0 0])
  ("-100px" .
   [2 0 0 0 0 0])
  ("def" .
   [1 0 0])
  ("rejected" .
   [1 0 0 1 0 0 0 0])
  ("not" .
   [1 0 0])
  ("csrf_exempt" .
   [0 0 1 0 0 0 0 0 0 0 0])
  ("content" .
   [1 0 0 0 0 0 0])
  ("text" .
   [1 0 0 0])
  ("status" .
   [1 0 0 0 0 0])
  ("35px" .
   [1 0 0 0])
  ("slideDown" .
   [0 0 0 0 0 1 0 0 0])
  ("form" .
   [1 0 0 0])
  ("slideUp" .
   [2 0 0 0 0 0 0])
  ("caller" .
   [2 0 0 0 0 0])
  ("cursor" .
   [0 0 1 0 0 0])
  ("pointer" .
   [0 0 1 0 0 0 0])
  ("30px" .
   [1 0 0 0])
  ("min-height" .
   [0 0 0 0 0 0 1 0 0 0])))
